52.05722432093338  
55.17300086729198  
57.821306564601855  
57.69765264677613  
85.31167331344002  
85.464476556089  
86.4530968447247  
86.59808361062285  
86.57836923012266  
86.56531238437216  
86.56301213655  
86.52433833833928  
86.50028901007728  
86.45206274890357  
86.40980802776915  
86.39378757111189  
86.37998776654463  
86.35481513960212  
86.32211844931822  
86.15794429872746  
86.13602296215475  
85.88278528675752  
110.86847105252144  
110.81495680635904  
110.82363017145198  
110.8021198613041  
110.75548896131802  
