91.12000000000135  
165.28765366339067  
115.9965322826613  
70.85019695150027  
42.259719551176225  
30.779889660204347  
27.3498036471375  
13.941449763021122  
13.393039329310135  
4.0022587920495605  
3.0900154543878537  
2.5423838599919266  
0.697552503444595  
0.33471835922293985  
0.25668812275887776  
0.20040534569199955  
0.06998906446858771  
0.032670612316836135  
0.010786471192318244  
0.00848619911727276  
0.005710773259909438  
0.0057143372545910365  
0.0034602788637412814  
0.0019926173722165956  
0.0008785390805701765  
