[0.9999999999999984] 
[0.9999999999999984] 
[0.9999999999999984] 
[0.9999999999999984] 
[0.16019274613309192, 1.8398072538669052] 
[0.9999999999999984] 
[0.16019274613309192, 1.8398072538669052] 
[0.9999999999999984] 
[0.16019274613309192, 1.8398072538669052] 
[0.9999999999999984] 
[0.16019274613309192, 1.8398072538669052] 
[0.9999999999999984] 
[0.16019274613309192, 1.8398072538669052] 
[0.9999999999999984] 
[0.16019274613309192, 1.8398072538669052] 
[0.9999999999999984] 
[0.16019274613309192, 1.8398072538669052] 
[0.9999999999999984] 
[0.16019274613309192, 1.8398072538669052] 
