[0.9999999999999893] 
[0.9999999999999893, 1.000000000000024] 
[0.8863634292352595, 0.9999999999999893, 1.113636570764776] 
[0.2316315822998561, 0.8878220902136722, 1.0000000254271932, 1.8805463020593205] 
[0.20492243682754752, 0.6546269647143386, 0.9996700126454868, 1.2062470848665536, 1.9345335009461244] 
[0.009875809293567387, 0.21037490934348307, 0.680681300648808, 0.9999809182977802, 1.3271172619760674, 2.7719698004403606] 
[0.009575476015734097, 0.17496823370461229, 0.32558042266152654, 0.8950564386736541, 1.0468489827753729, 1.772050356198687, 2.775920089970472] 
[0.00526306949132975, 0.02757143973607225, 0.176487760674896, 0.4105754448050959, 0.9365127895708983, 1.1903832809801462, 2.2622914681187987, 2.990914746622829] 
[0.004659389370565779, 0.018823383627046157, 0.07796468105410892, 0.23429133216036432, 0.47122514150525613, 0.9616175913100442, 1.7672247860964558, 2.444288551479976, 3.0199051433962336] 
[0.0003711216189144731, 0.004994573704096212, 0.027774532717895248, 0.08400056334963626, 0.24472375075212427, 0.585648876813195, 1.0713979764203434, 1.7967149678028516, 2.4707021556716877, 3.7136714811493197] 
[0.00034307270489236435, 0.0021374131995113297, 0.005581703851965009, 0.02922959531869812, 0.08567576195596038, 0.24492123447790656, 0.6113564246530704, 1.2221137001749984, 2.128076063031049, 2.949574706945171, 3.720990323686841] 
[9.629506228325381e-6, 0.00042124539953819696, 0.0021716944891972804, 0.0058050586107742325, 0.029247016427085656, 0.08615832336764913, 0.2525992349276269, 0.6489476632443666, 1.3174075178592484, 2.3575697668993794, 3.0078608203718535, 4.291802028897136] 
[7.349568972629249e-6, 0.00013675276037124413, 0.0006148315033384167, 0.002288304968663208, 0.006928469191520552, 0.029659326343348138, 0.09409067725167859, 0.287756298900775, 0.6514020458745806, 1.5974327839146933, 2.459505029137487, 3.5157746085668293, 4.354403522017815] 
[1.9281033302263804e-6, 1.0127455735391727e-5, 0.00013888356902489162, 0.0007463733683384802, 0.0023026210033426763, 0.007919650326008066, 0.029703229023966476, 0.10916803424447251, 0.28775630043673406, 0.7627814643067499, 1.5981828315171973, 2.6734503997103203, 3.794971348778221, 4.7328668081566505] 
[7.237717860885484e-7, 5.793456787985765e-6, 2.8318821961061595e-5, 0.00020467767306087413, 0.0007790615708434865, 0.0025915191126302966, 0.0090801952225001, 0.03080646802261349, 0.11050891471535333, 0.32856583997151306, 0.8808205137583347, 1.6394396717011672, 2.9140899181675155, 4.092394411805741, 4.990683972228265] 
[3.533987763946433e-8, 7.327820550228765e-7, 6.757986549814418e-6, 3.179938606370179e-5, 0.00022398275424871352, 0.0008135974295317874, 0.002595343879722778, 0.009307629792207492, 0.03350482967593846, 0.12548228054399904, 0.3516105654399513, 0.889299254078811, 1.6417481498908462, 2.969531770624051, 4.567481826003155, 5.40836144439309] 
[3.426606516176968e-8, 5.924675415010164e-7, 3.104280015434294e-6, 8.01609518810605e-6, 3.603318582049361e-5, 0.0002354433483347006, 0.0008345341981784142, 0.0026086399985188447, 0.009318031874676808, 0.03381323516659483, 0.12784882462412472, 0.36438249975206494, 0.9503067223197466, 1.8410992011739247, 3.427210984746248, 4.8000097821671375, 5.4422843203359035] 
[2.6040337749650724e-9, 6.130156988369109e-8, 7.022330612539719e-7, 3.1042903236148157e-6, 8.809851239083218e-6, 3.97481081011805e-5, 0.00023588375267053437, 0.0008710555573711636, 0.0027593204267549317, 0.009437716789581259, 0.034905337585292004, 0.14316274821182803, 0.3669564704757368, 1.0376825639094998, 2.0891337439641244, 3.490550694980449, 4.829829852184971, 5.994422183773501] 
[2.1025131430696097e-9, 3.494581487013146e-8, 1.219060622057631e-7, 7.78846524009031e-7, 3.3695367789856998e-6, 1.081101780261e-5, 5.1819958313585726e-5, 0.0002649898621372149, 0.0008766699600265509, 0.0029360880974811684, 0.01056626178816087, 0.0404864647561316, 0.15394537299059738, 0.3798844294507868, 1.040510386898399, 2.1094375616141887, 3.7164910200870915, 5.4603757303276135, 6.08415808585368] 
[4.2316150230646605e-11, 2.660602697649356e-9, 3.797789817699904e-8, 1.2790427363980275e-7, 8.033128936019437e-7, 3.4281638034344544e-6, 1.1100510598690115e-5, 5.212556417319172e-5, 0.000265128168767297, 0.0008770433322422514, 0.002947683017380077, 0.010726393885765908, 0.04127405934146117, 0.16217759245336652, 0.4066538589584991, 1.0923387166536356, 2.2481950853092085, 3.909007417547553, 5.612643109936018, 6.512826285259672] 
[1.6231022785854405e-11, 1.282015372796677e-10, 3.825708187011265e-9, 3.8172995362421154e-8, 1.3763849988963663e-7, 9.795637494957294e-7, 3.469018432824662e-6, 1.211788397208327e-5, 5.77522673536572e-5, 0.0002666006040858911, 0.000973146233065913, 0.003068736242246029, 0.011314038160417005, 0.04648856648789002, 0.16217985819047712, 0.45190250476733074, 1.1097650618534214, 2.359572967269177, 4.312946434186197, 5.624454243934784, 6.916993343555902] 
[-2.1273014734919817e-16, 1.8551271137050683e-11, 1.4439744887486384e-10, 4.0626304302097016e-9, 3.945975133239175e-8, 1.3988191999932535e-7, 9.934275762408633e-7, 3.499443636404956e-6, 1.2230060021988618e-5, 5.790289758420706e-5, 0.0002666359531352638, 0.0009735456737814366, 0.0030772260473409026, 0.011391637077030815, 0.04704650207762746, 0.1664847720645165, 0.46933967884497013, 1.1494844955298233, 2.431528051445608, 4.533668802981053, 5.749657496455753, 7.43700634645346] 
[1.7843578817339907e-16, 7.0362842712574985e-12, 2.7595067538321872e-11, 1.476464014794359e-10, 4.184110022442929e-9, 4.0150581710077085e-8, 1.411322850689875e-7, 1.0012056626973513e-6, 3.5167127510820215e-6, 1.2294303873537445e-5, 5.798728250186733e-5, 0.00026665249730818577, 0.0009738094461315446, 0.0030824594788374494, 0.01143879029565985, 0.04738344601802108, 0.16912458852369658, 0.48064899108619275, 1.1764890389126328, 2.47951809099284, 4.667187957418397, 5.836037954727448, 8.127773235448988] 
[3.296419178990965e-16, 4.312123651186804e-12, 2.241680620204639e-11, 6.806791170965219e-11, 7.048120990142821e-10, 5.501934062138321e-9, 4.0258264274314817e-8, 1.602468348708203e-7, 1.0308286037223087e-6, 3.6793751010820983e-6, 1.2721502465265661e-5, 5.881796415186364e-5, 0.000289491500776398, 0.0009738919801886545, 0.0033100432283482027, 0.011795097742323464, 0.04852373434620133, 0.18578198692211637, 0.49265094060110703, 1.2109566132696512, 2.8166804748146244, 4.670967920585345, 6.400967097746883, 8.157026250785655] 
[7.608730541452643e-16, 3.839425017092926e-12, 2.1230881048629905e-11, 5.6345272007460835e-11, 2.2984619590160543e-10, 9.073735472097634e-10, 5.698904932982442e-9, 4.1595364989755795e-8, 1.6746059411081746e-7, 1.0597249581973927e-6, 3.7615032683838384e-6, 1.2777453392779744e-5, 5.883137543227578e-5, 0.0002898739431829384, 0.0009838972987900102, 0.0033731275180492594, 0.012123619541985051, 0.049961608001584445, 0.19263135248849722, 0.5188715590030584, 1.2640977690114896, 3.0161281871623364, 5.0139893229887145, 6.765410956475917, 8.16206208053603] 
