[1.000000000000007] 
[0.28310834951614466, 1.7168916504838714] 
[6.619961547826462e-8, 0.36955807985380645, 2.6304418539465995] 
[3.795332146661192e-8, 1.1554596939883824e-7, 0.4056682570664125, 3.594331589434329] 
[1.191541629501987e-8, 4.373088687217149e-8, 1.4311548275909708e-7, 0.4249288655620225, 4.575070935676231] 
[1.1582513848096176e-8, 2.7918713831232757e-8, 5.749774560562812e-8, 1.5164166624038338e-7, 0.4368024878409819, 5.563197263518436] 
[2.692251754062538e-10, 1.1610710824206427e-8, 3.3677210580345555e-8, 7.588855094561076e-8, 1.6291574160716604e-7, 0.44482834171182656, 6.555171373926787] 
[6.53045784225235e-11, 1.40662078139897e-9, 1.161115538159043e-8, 3.549362359696726e-8, 8.824735770366498e-8, 1.7587637341117722e-7, 0.4506064964587887, 7.549393190840855] 
[2.179617633793521e-12, 8.704372376861124e-11, 3.076266636220178e-9, 1.1615661361561037e-8, 3.660838028131092e-8, 9.630593561800839e-8, 1.8999141309965492e-7, 0.4549603361394913, 8.5450393261737] 
[1.7826278523674953e-12, 7.152430960880459e-12, 1.455631782207525e-10, 5.37918869851988e-9, 1.1641376529756314e-8, 3.756274530116887e-8, 1.0185118319780441e-7, 2.0487698850712924e-7, 0.45835619131236677, 9.541643447221729] 
